# Figure 1 of Tatsuuma et al. (2024)
# We cited Table 1 of Carry (2012), but excluded some data with large errors that exceed the density values
# Diameter(km) Diameter_error(km) density(g/cm^3) density_error(g/cm^3)
944.79 	 22.99 	 2.13 	 0.15
514.41 	 19.12 	 2.86 	 0.32
241.79 	 10.58 	 3.68 	 0.62
519.33 	 6.84 	 3.58 	 0.15
113.41 	 3.5300000000000002 	 3.45 	 0.66
190.92 	 7.15 	 3.81 	 0.5
225.89 	 25.94 	 2.14 	 0.81
139.12 	 2.26 	 6.5 	 1.28
164.46 	 7.67 	 3.6 	 0.87
421.6 	 25.69 	 2.19 	 0.42
151.07 	 5.11 	 3.27 	 0.41000000000000003
124.09 	 8.31 	 2.45 	 0.67
214.73 	 11.53 	 1.7000000000000002 	 0.86
147.75 	 5.03 	 1.72 	 1.12
256.63 	 1.04 	 3.54 	 0.2
248.45 	 17.13 	 3.38 	 1.16
82.76 	 8.79 	 4.48 	 1.48
141.72 	 4.86 	 2.15 	 0.88
206.9 	 6.49 	 1.85 	 0.35000000000000003
136.99 	 8.82 	 3.71 	 1.05
98.0 	 5.0 	 3.44 	 0.52
170.23 	 10.46 	 3.08 	 0.58
106.81 	 3.23 	 3.07 	 0.31
183.84 	 11.4 	 1.81 	 0.67
80.19 	 4.66 	 2.21 	 0.44
105.8 	 7.23 	 2.69 	 1.71
108.1 	 11.49 	 3.95 	 1.28
217.59 	 10.71 	 2.38 	 0.51
94.48 	 5.37 	 3.92 	 1.29
272.92 	 8.85 	 1.18 	 0.61
53.98 	 0.91 	 75.28 	 9.71
113.02 	 4.9 	 4.83 	 0.63
110.14 	 4.38 	 6.17 	 5.48
115.41 	 1.33 	 7.09 	 6.79
153.8 	 4.14 	 2.47 	 0.63
181.05 	 9.6 	 2.03 	 0.32
102.73 	 2.73 	 2.7800000000000002 	 0.93
63.61 	 4.66 	 8.99 	 2.5700000000000003
201.81 	 14.77 	 1.34 	 0.29
125.29 	 5.21 	 5.8100000000000005 	 0.87
141.9 	 8.72 	 2.17 	 1.19
211.67 	 10.85 	 1.23 	 0.62
150.82 	 3.81 	 2.35 	 1.21
99.42 	 0.46 	 4.49 	 1.35
148.85 	 3.56 	 1.43 	 0.5
310.21 	 10.34 	 1.52 	 0.39
109.06 	 7.27 	 8.28 	 7.54
149.68 	 9.85 	 3.5 	 2.11
113.63 	 8.27 	 6.0 	 1.31
113.01 	 4.46 	 16.62 	 3.73
163.61 	 6.5 	 1.3 	 0.26
60.0 	 1.33 	 2.7800000000000002 	 0.33
82.52 	 2.73 	 9.81 	 9.49
94.45 	 7.15 	 3.46 	 0.86
248.29 	 17.59 	 1.7000000000000002 	 0.52
60.99 	 2.41 	 8.66 	 1.32
124.96 	 6.42 	 3.21 	 1.92
136.69 	 4.71 	 4.38 	 0.99
133.43 	 7.58 	 3.48 	 1.05
120.67 	 7.15 	 6.66 	 5.94
66.97 	 1.28 	 11.05 	 4.34
123.63 	 4.57 	 1.28 	 0.19
121.77 	 2.34 	 6.54 	 5.62
79.4 	 1.9500000000000002 	 2.08 	 1.55
155.0 	 6.0 	 1.31 	 0.77
278.14 	 10.75 	 1.31 	 0.15
204.04 	 9.12 	 3.44 	 0.84
147.57 	 8.32 	 3.98 	 1.27
122.15 	 2.77 	 0.86 	 0.06
124.44 	 3.25 	 4.39 	 0.42
149.79 	 8.08 	 1.98 	 0.39
186.35 	 8.84 	 1.83 	 1.1
167.92 	 5.49 	 2.61 	 2.5300000000000002
84.79 	 3.13 	 4.16 	 0.62
106.16 	 3.76 	 1.42 	 0.35000000000000003
119.1 	 6.78 	 1.73 	 0.67
147.17 	 3.34 	 1.83 	 0.92
210.68 	 8.89 	 2.2800000000000002 	 0.29
142.85 	 5.94 	 1.15 	 0.32
146.78 	 3.96 	 3.67 	 0.48
195.36 	 10.62 	 1.27 	 0.22
116.14 	 3.93 	 3.75 	 1.6800000000000002
184.19 	 5.19 	 1.82 	 0.79
119.44 	 3.91 	 2.96 	 1.04
189.62 	 6.8100000000000005 	 1.8399999999999999 	 0.22
76.12 	 3.29 	 5.23 	 0.96
145.92 	 3.58 	 4.46 	 1.9100000000000001
51.86 	 3.07 	 6.74 	 3.74
161.43 	 7.38 	 2.51 	 1.05
131.35 	 5.21 	 6.95 	 4.93
141.34 	 2.76 	 3.58 	 0.84
149.5 	 5.45 	 1.18 	 0.34
118.44 	 10.45 	 14.13 	 3.7800000000000002
83.45 	 5.07 	 16.06 	 6.22
146.54 	 9.15 	 0.98 	 0.22
60.03 	 3.01 	 47.92 	 13.1
186.85 	 1.83 	 2.69 	 1.52
116.34 	 4.14 	 7.86 	 4.57
72.7 	 1.9500000000000002 	 9.99 	 3.45
101.77 	 3.61 	 1.6800000000000002 	 1.4100000000000001
164.92 	 8.14 	 8.14 	 1.46
149.06 	 4.29 	 2.26 	 1.05
160.07 	 6.04 	 2.23 	 1.47
75.02 	 3.21 	 1.12 	 0.55
160.61 	 5.0 	 1.6400000000000001 	 1.21
131.31 	 1.08 	 1.51 	 0.71
40.91 	 1.3599999999999999 	 1.07 	 0.25
90.18 	 2.8 	 4.64 	 1.17
170.33 	 6.92 	 1.03 	 0.16
145.29 	 7.71 	 2.48 	 1.02
130.71 	 3.01 	 9.14 	 1.51
73.7 	 8.47 	 16.26 	 7.65
149.81 	 6.1 	 2.54 	 1.4100000000000001
144.13 	 7.23 	 8.41 	 1.43
127.47 	 8.44 	 4.27 	 0.86
68.62 	 1.4100000000000001 	 8.98 	 0.65
103.52 	 5.6 	 10.1 	 1.74
110.17 	 4.57 	 2.69 	 0.43
146.13 	 2.66 	 2.99 	 1.05
94.03 	 5.37 	 2.5300000000000002 	 2.15
31.29 	 1.2 	 2.35 	 0.29
53.0 	 2.59 	 1.32 	 0.2
190.05 	 6.82 	 2.16 	 0.26
107.95 	 6.62 	 6.29 	 1.32
140.31 	 3.34 	 2.24 	 1.56
132.74 	 10.13 	 1.12 	 0.25
70.3 	 2.32 	 6.31 	 6.18
71.88 	 4.32 	 9.56 	 1.73
234.67 	 7.8 	 1.52 	 0.2
122.59 	 3.7199999999999998 	 3.27 	 0.55
63.87 	 3.14 	 7.91 	 1.65
129.2 	 3.37 	 1.22 	 0.43
98.78 	 2.63 	 5.3 	 2.37
93.27 	 3.05 	 14.89 	 1.52
145.23 	 17.21 	 2.23 	 1.01
154.34 	 5.65 	 3.73 	 1.3900000000000001
134.76 	 5.17 	 6.1 	 1.3599999999999999
104.51 	 2.42 	 9.76 	 1.73
191.12 	 2.68 	 1.4 	 0.18
191.65 	 4.01 	 2.29 	 1.43
87.28 	 5.7 	 1.1 	 0.22
123.41 	 6.3 	 9.32 	 1.6400000000000001
170.35 	 8.4 	 3.14 	 0.76
103.51 	 2.23 	 3.27 	 1.11
96.97 	 3.01 	 7.16 	 6.38
122.14 	 7.69 	 1.44 	 0.3
176.33 	 4.5 	 4.1 	 0.84
115.55 	 8.22 	 7.72 	 1.69
87.1 	 2.5700000000000003 	 9.44 	 8.99
124.47 	 3.08 	 1.7000000000000002 	 0.35000000000000003
141.54 	 2.08 	 9.96 	 0.75
211.64 	 16.02 	 1.3900000000000001 	 0.5
65.58 	 1.7000000000000002 	 1.32 	 0.16
164.63 	 2.6 	 4.55 	 1.23
88.6 	 4.1 	 9.52 	 2.5
66.76 	 4.82 	 10.07 	 9.24
234.42 	 10.17 	 1.6 	 0.8
88.13 	 6.89 	 3.32 	 0.84
126.0 	 4.91 	 4.32 	 1.75
124.55 	 8.77 	 3.01 	 1.82
107.23 	 4.71 	 8.95 	 2.5300000000000002
56.31 	 4.15 	 14.53 	 5.68
162.32 	 9.54 	 1.1 	 0.54
110.96 	 3.8 	 8.37 	 3.23
97.36 	 3.18 	 9.97 	 4.15
87.58 	 3.58 	 8.1 	 1.38
101.51 	 1.83 	 7.28 	 7.02
139.69 	 3.4 	 2.09 	 0.47000000000000003
298.28 	 11.92 	 2.43 	 0.79
69.84 	 4.38 	 8.01 	 7.6
217.49 	 5.1 	 2.12 	 0.53
155.17 	 3.5300000000000002 	 13.36 	 2.59
96.46 	 1.6800000000000002 	 1.4 	 0.15
51.78 	 2.15 	 11.31 	 8.06
127.95 	 2.86 	 9.29 	 0.76
64.42 	 3.01 	 10.35 	 2.46
143.14 	 8.37 	 0.88 	 0.17
226.68 	 15.15 	 1.63 	 0.32
96.84 	 4.67 	 6.8100000000000005 	 2.9
127.83 	 5.23 	 1.23 	 0.19
52.71 	 0.72 	 9.1 	 5.2
67.66 	 0.9400000000000001 	 73.99 	 15.05
64.88 	 3.64 	 4.99 	 1.62
84.69 	 1.71 	 8.45 	 0.52
146.21 	 11.02 	 7.8100000000000005 	 1.77
191.65 	 8.22 	 1.6400000000000001 	 0.99
317.19 	 4.65 	 1.96 	 0.28
34.64 	 1.81 	 2.74 	 0.56
72.27 	 2.22 	 10.87 	 3.56
105.53 	 1.6800000000000002 	 1.88 	 1.74
170.07 	 6.7 	 1.47 	 0.87
107.31 	 1.48 	 5.05 	 0.92
87.08 	 1.31 	 2.69 	 0.26
70.82 	 0.92 	 7.15 	 7.1
138.4 	 5.96 	 1.0 	 0.14
106.27 	 4.02 	 10.03 	 1.52
82.52 	 7.18 	 12.7 	 3.49
160.98 	 11.16 	 2.09 	 0.45
148.25 	 4.08 	 2.93 	 1.06
10.26 	 0.07 	 1.6400000000000001 	 0.1
8.39 	 1.27 	 0.88 	 0.13
148.43 	 5.02 	 5.76 	 3.58
81.27 	 5.34 	 8.36 	 1.85
63.56 	 4.01 	 12.86 	 5.19
99.77 	 2.46 	 9.17 	 1.46
99.27 	 3.27 	 10.03 	 1.02
13.44 	 0.61 	 2.52 	 0.29
70.98 	 2.42 	 9.66 	 1.45
13.93 	 0.64 	 1.21 	 0.14
42.99 	 2.86 	 0.9500000000000001 	 0.27
30.6 	 1.4100000000000001 	 450.51 	 220.97
5.15 	 0.08 	 2.59 	 0.2
15.78 	 1.9100000000000001 	 0.9 	 0.1